R2: 0.9747989908877644
RMSE: 8477.007166803081
RMSE in relation to average income: 0.07390257838933485
