R2: 0.9500331080213644
RMSE: 11936.438172842192
RMSE in relation to average income: 0.10406191010578048
