R2: 0.9835587386472048
RMSE: 6847.012979566782
RMSE in relation to average income: 0.05969228331395391
